~o <VecSize> 5 <MFCC>
~h "/home/viboscam/Thesis/corpusCS/EXPERIMENTATION/Data_CS-LineDetect/proto"
<BeginHMM>
<NumStates> 18
<State> 2
<Mean> 5
0.0 0.0 0.0 0.0 0.0
<Variance> 5
1.0 1.0 1.0 1.0 1.0
<State> 3
<Mean> 5
0.0 0.0 0.0 0.0 0.0
<Variance> 5
1.0 1.0 1.0 1.0 1.0
<State> 4
<Mean> 5
0.0 0.0 0.0 0.0 0.0
<Variance> 5
1.0 1.0 1.0 1.0 1.0
<State> 5
<Mean> 5
0.0 0.0 0.0 0.0 0.0
<Variance> 5
1.0 1.0 1.0 1.0 1.0
<State> 6
<Mean> 5
0.0 0.0 0.0 0.0 0.0
<Variance> 5
1.0 1.0 1.0 1.0 1.0
<State> 7
<Mean> 5
0.0 0.0 0.0 0.0 0.0
<Variance> 5
1.0 1.0 1.0 1.0 1.0
<State> 8
<Mean> 5
0.0 0.0 0.0 0.0 0.0
<Variance> 5
1.0 1.0 1.0 1.0 1.0
<State> 9
<Mean> 5
0.0 0.0 0.0 0.0 0.0
<Variance> 5
1.0 1.0 1.0 1.0 1.0
<State> 10
<Mean> 5
0.0 0.0 0.0 0.0 0.0
<Variance> 5
1.0 1.0 1.0 1.0 1.0
<State> 11
<Mean> 5
0.0 0.0 0.0 0.0 0.0
<Variance> 5
1.0 1.0 1.0 1.0 1.0
<State> 12
<Mean> 5
0.0 0.0 0.0 0.0 0.0
<Variance> 5
1.0 1.0 1.0 1.0 1.0
<State> 13
<Mean> 5
0.0 0.0 0.0 0.0 0.0
<Variance> 5
1.0 1.0 1.0 1.0 1.0
<State> 14
<Mean> 5
0.0 0.0 0.0 0.0 0.0
<Variance> 5
1.0 1.0 1.0 1.0 1.0
<State> 15
<Mean> 5
0.0 0.0 0.0 0.0 0.0
<Variance> 5
1.0 1.0 1.0 1.0 1.0
<State> 16
<Mean> 5
0.0 0.0 0.0 0.0 0.0
<Variance> 5
1.0 1.0 1.0 1.0 1.0
<State> 17
<Mean> 5
0.0 0.0 0.0 0.0 0.0
<Variance> 5
1.0 1.0 1.0 1.0 1.0
<TransP> 18
0.000e+0   1.000e+0   0.000e+0   0.000e+0   0.000e+0   0.000e+0   0.000e+0   0.000e+0   0.000e+0   0.000e+0   0.000e+0   0.000e+0   0.000e+0   0.000e+0   0.000e+0   0.000e+0   0.000e+0   0.000e+0
0.000e+0   6.000e-1   4.000e-1   0.000e+0   0.000e+0   0.000e+0   0.000e+0   0.000e+0   0.000e+0   0.000e+0   0.000e+0   0.000e+0   0.000e+0   0.000e+0   0.000e+0   0.000e+0   0.000e+0   0.000e+0
0.000e+0   0.000e+0   6.000e-1   4.000e-1   0.000e+0   0.000e+0   0.000e+0   0.000e+0   0.000e+0   0.000e+0   0.000e+0   0.000e+0   0.000e+0   0.000e+0   0.000e+0   0.000e+0   0.000e+0   0.000e+0
0.000e+0   0.000e+0   0.000e+0   6.000e-1   4.000e-1   0.000e+0   0.000e+0   0.000e+0   0.000e+0   0.000e+0   0.000e+0   0.000e+0   0.000e+0   0.000e+0   0.000e+0   0.000e+0   0.000e+0   0.000e+0
0.000e+0   0.000e+0   0.000e+0   0.000e+0   6.000e-1   4.000e-1   0.000e+0   0.000e+0   0.000e+0   0.000e+0   0.000e+0   0.000e+0   0.000e+0   0.000e+0   0.000e+0   0.000e+0   0.000e+0   0.000e+0
0.000e+0   0.000e+0   0.000e+0   0.000e+0   0.000e+0   6.000e-1   4.000e-1   0.000e+0   0.000e+0   0.000e+0   0.000e+0   0.000e+0   0.000e+0   0.000e+0   0.000e+0   0.000e+0   0.000e+0   0.000e+0
0.000e+0   0.000e+0   0.000e+0   0.000e+0   0.000e+0   0.000e+0   6.000e-1   4.000e-1   0.000e+0   0.000e+0   0.000e+0   0.000e+0   0.000e+0   0.000e+0   0.000e+0   0.000e+0   0.000e+0   0.000e+0
0.000e+0   0.000e+0   0.000e+0   0.000e+0   0.000e+0   0.000e+0   0.000e+0   6.000e-1   4.000e-1   0.000e+0   0.000e+0   0.000e+0   0.000e+0   0.000e+0   0.000e+0   0.000e+0   0.000e+0   0.000e+0
0.000e+0   0.000e+0   0.000e+0   0.000e+0   0.000e+0   0.000e+0   0.000e+0   0.000e+0   6.000e-1   4.000e-1   0.000e+0   0.000e+0   0.000e+0   0.000e+0   0.000e+0   0.000e+0   0.000e+0   0.000e+0
0.000e+0   0.000e+0   0.000e+0   0.000e+0   0.000e+0   0.000e+0   0.000e+0   0.000e+0   0.000e+0   6.000e-1   4.000e-1   0.000e+0   0.000e+0   0.000e+0   0.000e+0   0.000e+0   0.000e+0   0.000e+0
0.000e+0   0.000e+0   0.000e+0   0.000e+0   0.000e+0   0.000e+0   0.000e+0   0.000e+0   0.000e+0   0.000e+0   6.000e-1   4.000e-1   0.000e+0   0.000e+0   0.000e+0   0.000e+0   0.000e+0   0.000e+0
0.000e+0   0.000e+0   0.000e+0   0.000e+0   0.000e+0   0.000e+0   0.000e+0   0.000e+0   0.000e+0   0.000e+0   0.000e+0   6.000e-1   4.000e-1   0.000e+0   0.000e+0   0.000e+0   0.000e+0   0.000e+0
0.000e+0   0.000e+0   0.000e+0   0.000e+0   0.000e+0   0.000e+0   0.000e+0   0.000e+0   0.000e+0   0.000e+0   0.000e+0   0.000e+0   6.000e-1   4.000e-1   0.000e+0   0.000e+0   0.000e+0   0.000e+0
0.000e+0   0.000e+0   0.000e+0   0.000e+0   0.000e+0   0.000e+0   0.000e+0   0.000e+0   0.000e+0   0.000e+0   0.000e+0   0.000e+0   0.000e+0   6.000e-1   4.000e-1   0.000e+0   0.000e+0   0.000e+0
0.000e+0   0.000e+0   0.000e+0   0.000e+0   0.000e+0   0.000e+0   0.000e+0   0.000e+0   0.000e+0   0.000e+0   0.000e+0   0.000e+0   0.000e+0   0.000e+0   6.000e-1   4.000e-1   0.000e+0   0.000e+0
0.000e+0   0.000e+0   0.000e+0   0.000e+0   0.000e+0   0.000e+0   0.000e+0   0.000e+0   0.000e+0   0.000e+0   0.000e+0   0.000e+0   0.000e+0   0.000e+0   0.000e+0   6.000e-1   4.000e-1   0.000e+0
0.000e+0   0.000e+0   0.000e+0   0.000e+0   0.000e+0   0.000e+0   0.000e+0   0.000e+0   0.000e+0   0.000e+0   0.000e+0   0.000e+0   0.000e+0   0.000e+0   0.000e+0   0.000e+0   6.000e-1   4.000e-1
0.000e+0   0.000e+0   0.000e+0   0.000e+0   0.000e+0   0.000e+0   0.000e+0   0.000e+0   0.000e+0   0.000e+0   0.000e+0   0.000e+0   0.000e+0   0.000e+0   0.000e+0   0.000e+0   0.000e+0   0.000e+0
<EndHMM>
